image: lab.pgm
resolution: 0.050000
origin: [-5.406588, -7.580432, 0.000000]
negate: 0
occupied_thresh: 0.65
free_thresh: 0.196

